<CoordinateSystem> { Z-Up }

<Comment> {
  "bam2egg 'C:\Users\Krent\Desktop\Panda3D\Resources-master\phase_3\models\effects\shipWake-zero.bam' 'C:\Users\Krent\Desktop\Panda3D\eggs-with_lods\phase_3\models\effects\shipWake-zero.egg'"
}
<Texture> splashwave {
  "phase_3/maps/splashwave.jpg"
  <Scalar> alpha-file { "phase_3/maps/splashwave_a.rgb" }
  <Scalar> format { rgba }
  <Scalar> wrapu { repeat }
  <Scalar> wrapv { repeat }
  <Scalar> minfilter { linear_mipmap_linear }
  <Scalar> magfilter { linear }
  <Scalar> envtype { modulate }
}
<VertexPool> shipWake-zero.egg {
  <Vertex> 0 {
    19.5384006500244 30.3152008056641 -8.69064998626709
    <UV> { 0.5 1 }
    <Normal> { 0.658820748329163 0.0698332786560059 0.749051749706268 }
    <RGBA> { 1 1 1 1 }
    // joint4:1
  }
  <Vertex> 1 {
    14.9151000976563 38.7053985595703 -5.2118501663208
    <UV> { 0 1 }
    <Normal> { 0.665418744087219 0.0596051812171936 0.744086742401123 }
    <RGBA> { 1 1 1 1 }
    // joint4:1
  }
  <Vertex> 2 {
    15.6760997772217 26.9207000732422 -4.94844007492065
    <UV> { 0.5 0.666666984558105 }
    <Normal> { 0.550169169902802 0.0363139100372791 0.834263265132904 }
    <RGBA> { 1 1 1 1 }
    // joint3:1
  }
  <Vertex> 3 {
    12.1997003555298 33.7210006713867 -2.40058994293213
    <UV> { 0 0.666666984558105 }
    <Normal> { 0.53125923871994 -0.0102397054433823 0.847147405147552 }
    <RGBA> { 1 1 1 1 }
    // joint3:1
  }
  <Vertex> 4 {
    11.7936000823975 22.9085998535156 -3.16881990432739
    <UV> { 0.5 0.333332985639572 }
    <Normal> { 0.189794972538948 -0.0279152952134609 0.98142683506012 }
    <RGBA> { 1 1 1 1 }
    // joint2:1
  }
  <Vertex> 5 {
    9.06525993347168 28.4995002746582 -2.09170007705688
    <UV> { 0 0.333332985639572 }
    <Normal> { 0.170945018529892 -0.104978010058403 0.979672074317932 }
    <RGBA> { 1 1 1 1 }
    // joint2:1
  }
  <Vertex> 6 {
    5.00565004348755 16.7231006622314 -3.76626992225647
    <UV> { 0.5 0 }
    <Normal> { -0.0619203709065914 -0.0558626763522625 0.996516525745392 }
    <RGBA> { 1 1 1 1 }
    // joint1:1
  }
  <Vertex> 7 {
    2.63926005363464 21.0809001922607 -3.82019996643066
    <UV> { 0 0 }
    <Normal> { -0.0455170013010502 -0.125238001346588 0.991082072257996 }
    <RGBA> { 1 1 1 1 }
    // joint1:1
  }
  <Vertex> 8 {
    21.6664009094238 19.8883991241455 -9.38331031799316
    <UV> { 1 1 }
    <Normal> { 0.652109146118164 0.0800492167472839 0.753887116909027 }
    <RGBA> { 1 1 1 1 }
    // joint4:1
  }
  <Vertex> 9 {
    18.0823001861572 17.8379001617432 -6.10620021820068
    <UV> { 1 0.666666984558105 }
    <Normal> { 0.567412853240967 0.0822553783655167 0.819314777851105 }
    <RGBA> { 1 1 1 1 }
    // joint3:1
  }
  <Vertex> 10 {
    14.2128000259399 15.085599899292 -3.02311992645264
    <UV> { 1 0.333332985639572 }
    <Normal> { 0.207770943641663 0.0507769845426083 0.976858735084534 }
    <RGBA> { 1 1 1 1 }
    // joint2:1
  }
  <Vertex> 11 {
    8.04203987121582 9.28378963470459 -3.27379989624023
    <UV> { 1 0 }
    <Normal> { -0.0780074223875999 0.0137983039021492 0.996857285499573 }
    <RGBA> { 1 1 1 1 }
    // joint1:1
  }
}
<Group> shipWake {
  <Dart> { structured }
  <Polygon> {
    <Scalar> alpha { binary }
    <TRef> { splashwave }
    <VertexRef> { 0 1 2 <Ref> { shipWake-zero.egg } }
  }
  <Polygon> {
    <Scalar> alpha { binary }
    <TRef> { splashwave }
    <VertexRef> { 2 1 3 <Ref> { shipWake-zero.egg } }
  }
  <Polygon> {
    <Scalar> alpha { binary }
    <TRef> { splashwave }
    <VertexRef> { 2 3 4 <Ref> { shipWake-zero.egg } }
  }
  <Polygon> {
    <Scalar> alpha { binary }
    <TRef> { splashwave }
    <VertexRef> { 4 3 5 <Ref> { shipWake-zero.egg } }
  }
  <Polygon> {
    <Scalar> alpha { binary }
    <TRef> { splashwave }
    <VertexRef> { 4 5 6 <Ref> { shipWake-zero.egg } }
  }
  <Polygon> {
    <Scalar> alpha { binary }
    <TRef> { splashwave }
    <VertexRef> { 6 5 7 <Ref> { shipWake-zero.egg } }
  }
  <Polygon> {
    <Scalar> alpha { binary }
    <TRef> { splashwave }
    <VertexRef> { 8 0 9 <Ref> { shipWake-zero.egg } }
  }
  <Polygon> {
    <Scalar> alpha { binary }
    <TRef> { splashwave }
    <VertexRef> { 9 0 2 <Ref> { shipWake-zero.egg } }
  }
  <Polygon> {
    <Scalar> alpha { binary }
    <TRef> { splashwave }
    <VertexRef> { 9 2 10 <Ref> { shipWake-zero.egg } }
  }
  <Polygon> {
    <Scalar> alpha { binary }
    <TRef> { splashwave }
    <VertexRef> { 10 2 4 <Ref> { shipWake-zero.egg } }
  }
  <Polygon> {
    <Scalar> alpha { binary }
    <TRef> { splashwave }
    <VertexRef> { 10 4 11 <Ref> { shipWake-zero.egg } }
  }
  <Polygon> {
    <Scalar> alpha { binary }
    <TRef> { splashwave }
    <VertexRef> { 11 4 6 <Ref> { shipWake-zero.egg } }
  }
  <Joint> joint1 {
    <Transform> {
      <Matrix4> {
        0.482533997960959 0.79201102245838 -0.374002014325945 0
        -0.362533009717779 -0.208106997252551 -0.908438952951569 0
        -0.797327004487074 0.573939981489874 0.186712008480874 0
        4.82226955486885 17.1541992993885 -3.76789977883226 1
      }
    }
    <DefaultPose> {
      <Matrix4> {
        0.482533991336823 0.792011022567749 -0.374002009630203 0
        -0.362533003091812 -0.208106994628906 -0.908438980579376 0
        -0.797326982021332 0.573939979076385 0.186711996793747 0
        4.82226991653442 17.1541996002197 -3.76789999008179 1
      }
    }
    <Joint> joint2 {
      <Transform> {
        <Matrix4> {
          0.923762042582692 0.3673070155374 -0.108397005311363 0
          0.313804990907643 -0.888226025123516 -0.335530005026448 0
          -0.21952301131371 0.275934985701564 -0.935772028153396 0
          7.55882900602947 -4.20789034739756 -2.24180994827754 1
        }
      }
      <DefaultPose> {
        <Matrix4> {
          0.923762023448944 0.367307007312775 -0.108396999537945 0
          0.313805013895035 -0.888225972652435 -0.335530012845993 0
          -0.219522997736931 0.275934994220734 -0.935772001743317 0
          7.55882978439331 -4.20789003372192 -2.24181008338928 1
        }
      }
      <Joint> joint3 {
        <Transform> {
          <Matrix4> {
            0.988176961394658 0.153148994607348 -0.00713103928427697 0
            -0.152371008734683 0.986186016648722 0.0649580725664941 0
            0.016980788381907 -0.0631034938023285 0.997863018331452 0
            4.61716907283753 2.58019966725256 1.31564221561575e-06 1
          }
        }
        <DefaultPose> {
          <Matrix4> {
            0.988177001476288 0.153148993849754 -0.00713102985173464 0
            -0.152371004223824 0.986186027526855 0.0649581030011177 0
            0.0169808007776737 -0.0631034970283508 0.997862994670868 0
            4.61716985702515 2.58019995689392 0 1
          }
        }
        <Joint> joint4 {
          <Transform> {
            <Matrix4> {
              -0.0181787920124021 5.83488590777392e-09 0.999834976863996 0
              0.99983496831207 -4.57607407522431e-09 0.0181788342597643 0
              6.80976075528861e-09 0.999999999275667 1.98075434387768e-08 0
              7.76010142360605 0.450508841206293 0.154693060489684 1
            }
          }
          <DefaultPose> {
            <Matrix4> {
              -0.0181788001209497 0 0.999835014343262 0
              0.999835014343262 0 0.0181788001209497 0
              0 1 0 0
              7.7600998878479 0.450509995222092 0.154694005846977 1
            }
          }
          <VertexRef> {
            0 1 8
            <Ref> { shipWake-zero.egg }
          }
        }
        <VertexRef> {
          2 3 9
          <Ref> { shipWake-zero.egg }
        }
      }
      <VertexRef> {
        4 5 10
        <Ref> { shipWake-zero.egg }
      }
    }
    <VertexRef> {
      6 7 11
      <Ref> { shipWake-zero.egg }
    }
  }
}
